Size of the matrix : 3
A =
1.731059        4.352084        9.060367
4.352084        8.481772        3.580763
9.060367        3.580763        4.879747

End of the recursion
Number of iterations : 812
Eigenvalues :
16.402217
4.663261
-5.972898
Size of the matrix : 4
A =
2.913534        1.229460        4.634389        6.159497
1.229460        5.530020        1.173259        1.673536
4.634389        1.173259        5.970726        8.112965
6.159497        1.673536        8.112965        1.599607

End of the recursion
Number of iterations : 1000001
Eigenvalues :
1.360944
15.573637
0.477038
-1.397731
Size of the matrix : 5
A =
7.600976        6.587398        1.408606        8.144444        4.727531
6.587398        2.405181        1.438349        8.670403        9.620583
1.408606        1.438349        6.335203        1.457207        5.134434
8.144444        8.670403        1.457207        8.281745        8.431161
4.727531        9.620583        5.134434        8.431161        3.524361

End of the recursion
Number of iterations : 1000001
Eigenvalues :
5.262298
0.559878
2.107498
2.616204
17.601588
Size of the matrix : 6
A =
1.941787        1.828854        8.567994        2.383099        6.616524        8.758467
1.828854        8.557218        8.281133        8.740873        5.912881        5.548723
8.567994        8.281133        1.997227        6.848050        5.790301        5.388085
2.383099        8.740873        6.848050        9.175334        6.581005        5.549431
6.616524        5.912881        5.790301        6.581005        2.945225        8.279314
8.758467        5.548723        5.388085        5.549431        8.279314        7.433980

End of the recursion
Number of iterations : 1000001
Eigenvalues :
2.451591
3.097100
-1.630818
22.028627
-3.887987
9.992256
Size of the matrix : 7
A =
1.893751        5.645695        9.805320        1.100202        1.080321        7.077633        6.767589
5.645695        6.187511        5.016295        2.098361        9.962153        6.773746        6.866420
9.805320        5.016295        2.876764        2.146291        3.909835        2.347160        2.925578
1.100202        2.098361        2.146291        6.714080        9.594990        7.715749        9.183435
1.080321        9.962153        3.909835        9.594990        7.003636        3.601028        1.994880
7.077633        6.773746        2.347160        7.715749        3.601028        3.475480        8.944953
6.767589        6.866420        2.925578        9.183435        1.994880        8.944953        7.830489

End of the recursion
Number of iterations : 1000001
Eigenvalues :
5.587018
5.969180
0.441137
11.627373
13.048494
-3.742516
3.051025
Size of the matrix : 8
A =
6.034066        8.935906        3.243318        8.652588        2.499913        7.774102        9.740998        9.678965
8.935906        8.776101        3.439466        8.048150        1.032497        3.329183        3.956865        5.361778
3.243318        3.439466        6.113214        1.255762        7.178190        6.571814        8.032349        4.402237
8.652588        8.048150        1.255762        6.587829        4.835049        1.484205        5.689866        5.393246
2.499913        1.032497        7.178190        4.835049        7.660388        3.034614        1.579148        2.290177
7.774102        3.329183        6.571814        1.484205        3.034614        5.765364        5.748644        4.000595
9.740998        3.956865        8.032349        5.689866        1.579148        5.748644        8.465637        5.004612
9.678965        5.361778        4.402237        5.393246        2.290177        4.000595        5.004612        4.516877

End of the recursion
Number of iterations : 1000001
Eigenvalues :
3.091970
5.507572
2.698235
4.836822
3.784965
17.967255
3.202340
12.830317
Size of the matrix : 9
A =
6.151074        3.856158        9.088355        4.661881        6.901713        3.701308        8.387570        6.769924        1.218055
3.856158        7.452208        5.980437        4.234352        2.094901        5.877424        8.881883        1.112618        2.851397
9.088355        5.980437        7.211073        9.760289        6.995280        3.864483        9.809701        3.764916        4.435557
4.661881        4.234352        9.760289        4.173314        8.664424        3.370949        6.651755        3.943773        7.408144
6.901713        2.094901        6.995280        8.664424        8.966180        6.547573        4.045648        3.991575        8.673151
3.701308        5.877424        3.864483        3.370949        6.547573        8.051835        6.211332        6.394120        2.646412
8.387570        8.881883        9.809701        6.651755        4.045648        6.211332        8.859256        2.974801        6.239078
6.769924        1.112618        3.764916        3.943773        3.991575        6.394120        2.974801        8.484026        7.192302
1.218055        2.851397        4.435557        7.408144        8.673151        2.646412        6.239078        7.192302        8.015759

End of the recursion
Number of iterations : 1000001
Eigenvalues :
2.707662
8.956241
7.563092
15.797685
14.169805
-0.441684
-1.362406
3.349000
16.625330


